eVl
2 12 37 26 20 17 18 0 28 25 19 8 15 31 10 38
15 28 2 38 12 20 17 18 37 31 26 8 25 0 10 19
0 10 31 2 12 17 37 8 26 38 15 28 18 20 19 25
31 25 2 15 26 19 0 10 20 38 37 17 18 28 12 8
8 18 20 12 28 2 10 26 25 31 19 0 38 15 37 17
25 26 0 31 10 19 20 28 2 38 8 15 17 37 18 12
20 2 12 15 37 8 19 38 10 17 18 31 28 25 0 26
28 12 19 15 18 25 37 20 26 10 2 17 31 38 8 0
18 12 19 38 10 25 8 20 31 17 15 37 0 28 26 2
19 17 8 15 10 28 38 0 20 12 2 18 26 31 37 25
17 2 10 20 19 25 18 37 31 26 12 28 8 38 15 0
10 0 12 8 18 2 19 38 28 37 17 25 20 26 15 31
26 37 2 12 28 38 31 10 19 0 17 8 15 18 20 25
12 37 19 28 25 0 38 20 18 17 10 2 15 31 8 26
37 26 17 2 15 38 8 31 25 19 12 28 18 0 10 20
38 26 0 17 2 18 12 19 15 8 25 10 20 28 31 37
BW
22 7 38 32
15
7 22 17
32 37 22 2
1 37 2 23
27 23 11
38 36 22 2 24
10 24 29
2 38 32 1 17
4
37 1 17 32
9
11 27
24 10 38
23 1 27
36 38
17 7 2 37
29 10
CU
23 14 38 6 21 29 22 9 7 4
36 22 33 6 14 30 2 21 29
11 14 28 16 21 33 2 13 37 9 4 22
13 11 4 25 33 6 31 28 29 14
28 25 30 13 38 11 2 21 7 6 16 4 14 31 9 33
9 25 22 37 16 11 31 38 21 33 30 23 28 4
33 30 16 25 2 37 11 9 7 4 38 28 6 13 36 14
2 14 28 37 33 21 30 6 25 11 38 16 36
7 23 33 28 25 30 14 6 29
29 13 30 16 25 7 23 4 31 14 36
25 30 9 28 22 33 7 2 13 29 21
6 13 22 16 28 33 37 38 7 4 14 36 2 23
4 14 30 22 29 21 31 33 13 6 37 38 16 28 23 9 11
30 33 2 28 37 9 4 31 36 25 22 16 29 38 7 21
16 28 6 33 11 30 37 22 29 4 9 21 2
37 30 2 6 9 4 16 11 31 33 21
31 29 28 22 4 30 37 13 9
22 14 30 9 31 25 6 16 23 11 4 36 21
21 28 23 9 4 38 37 25 16 36 22 30 14 2 11
14 22 21 7 4 23 33 36 38 29 28 6 2 13 11
38 30 9 6 28 14 2 33 21 4 23