dfSb
13 3 30 6 32 2 17 0 33 22 27
6 33 7 30 13 34 31 0 29 2 10 17
29 35 26 18 27 17 6 31 3 25 0 34 33 32
0 29 28 33 3 31 27 35 18 17 25 26 34 39 30 6 13 7
28 34 18 32 25 22 0 39 7 17
10 33 35 7 22 6 2 30 25 17 32 26
34 26 7 39 18 28 31 17 27 6 29 2 0 32
26 18 29 39 0 22 17 10 25 32 3 30 34
30 3 26 6 35 0 10 17 13 18 7
7 27 28 33 32 17 30 18 0 10 3 34 6 25
32 29 18 27 26 35 31 28 3 7 34 10 13 25
18 26 32 25 0 34 31 22 35 7 39 29 30 17 33 28
31 22 34 18 6 3 17 29 2 32 27 0
25 35 33 0 26 17 32 10 7 3 18 29 39 28 2
2 34 6 31 17 13 27 39 25 10
22 26 28 13 10 31 18 27
35 0 32 39 10 25 33 18 29 30
39 0 18 26 34 25 35 2 33 28 17
17 3 25 13 28 31 33 10 29 34 2 6 7 0 26 30 39 18
27 34 29 2 7 3 22 0 32 31 13
3 27 29 31 17 0 25 13 7 30 32 26
33 7 10 18 29 13 0 39 35 17 6 25
jB
17 16 7 6 13 29 12 15 38 19 1 23
38 29 31 9 34 1 37 27 23 17
15 9 39 17 16 27 21 3 32 23 34 13 29 6
3 7 9 39 1 15 4 6 21
37 9 12 6 38 31 34 4 19 27
31 21 38 27 13 37 1 34 9 16 19 7
1 31 12 6 9 21 23 13 17 3 38 39 7
32 12 21 34 6 13 15 27 7 9
39 3 27 21 9 7 1 6 15
21 3 23 15 39 32 1 31 16
6 32 3 34 16 9 37 15 1 19 7 23 39 17 13
9 6 13 32 39 7 38 15 31 1 3 37
4 27 37 3 12 34
19 37 23 16 17 27 29 31 6
12 29 32 4 17 27 34 37 7 1
16 17 19 15 27 21 34 31 7 23 6 29
29 7 34 16 12 38 23 17 19 13 27 15
7 32 12 17 1 6 16 31 3 29 9 39
13 31 6 9 29 32 1 17 15 23
23 29 15 17 34 19 6 21 27 16 1 13 38
34 4 32 6 15 31 16 29 23 38 37 12
27 37 29 32 4 16 15 19 31 23 39 38 12